>>> Test : operaciones caso borde 1
100 - 1
100
>>> Test : operaciones caso borde 2
100 - 1
100 - 1
100
>>> Test : operaciones caso borde 3
100 - 1
200 - 1
300 - 1
100
200
300
>>> Test : operaciones caso borde 4
200 - 1
100 - 1
300 - 1
100
200
300
>>> Test : operaciones caso borde 5
300 - 1
200 - 1
100 - 1
100
200
300
>>> Test : operaciones caso borde 6
300 - 1
200 - 1
100 - 1
50 - 2
50
100
200
300
>>> Test : operaciones caso borde 7
300 - 1
200 - 1
100 - 1
500 - 2
100
200
300
500
>>> Test : operaciones caso borde 8
300 - 1
200 - 1
100 - 1
150 - 2
250 - 3
100
150
200
250
300
>>> Test : operaciones caso borde 9
300 - 1
200 - 1
100 - 1
150 - 2
50 - 3
250 - 4
500 - 5
50
100
150
200
250
300
500
>>> Test : operaciones caso borde 10
300 - 1
200 - 1
100 - 1
30 - 2
20 - 2
10 - 2
130 - 3
120 - 3
110 - 3
230 - 4
220 - 4
210 - 4
530 - 5
520 - 5
510 - 5
10
20
30
100
110
120
130
200
210
220
230
300
510
520
530
>>> Test : caso chico random 1
12 - 1
38 - 1
73 - 1
84 - 2
31 - 3
14 - 3
77 - 3
66 - 4
65 - 4
76 - 4
66 - 4
45 - 4
8 - 5
44 - 6
28 - 6
59 - 7
13 - 8
8 - 8
59 - 8
47 - 8
11 - 8
97 - 9
10 - 9
35 - 10
62 - 10
79 - 11
24 - 12
65 - 12
28 - 12
70 - 13
49 - 14
93 - 14
60 - 15
22 - 15
29 - 16
43 - 16
89 - 16
6 - 17
9 - 18
54 - 18
34 - 18
75 - 19
51 - 19
95 - 20
71 - 20
32 - 20
54 - 20
36 - 21
92 - 22
13 - 22
83 - 22
3 - 22
62 - 22
46 - 23
90 - 23
25 - 23
25 - 23
14 - 23
42 - 23
5 - 23
36 - 23
92 - 23
98 - 24
96 - 24
66 - 24
80 - 24
39 - 25
55 - 26
86 - 27
1 - 28
61 - 28
73 - 28
28 - 28
65 - 28
68 - 28
0 - 28
49 - 28
22 - 28
36 - 28
41 - 28
87 - 28
72 - 29
44 - 29
49 - 29
18 - 30
34 - 30
26 - 31
43 - 31
48 - 32
69 - 33
0 - 33
85 - 33
13 - 33
51 - 33
33 - 34
79 - 34
31 - 34
25 - 34
87 - 34
69 - 34
0
1
3
5
6
8
9
10
11
12
13
14
18
22
24
25
26
28
29
31
32
33
34
35
36
38
39
41
42
43
44
45
46
47
48
49
51
54
55
59
60
61
62
65
66
68
69
70
71
72
73
75
76
77
79
80
83
84
85
86
87
89
90
92
93
95
96
97
98
>>> Test : caso chico random 2
6 - 1
17 - 1
3 - 1
61 - 2
86 - 2
6 - 2
5 - 3
8 - 4
37 - 4
28 - 5
11 - 5
50 - 6
47 - 6
95 - 7
37 - 7
80 - 8
44 - 8
7 - 8
94 - 8
11 - 8
45 - 9
44 - 9
82 - 9
81 - 9
52 - 10
13 - 11
99 - 11
19 - 11
37 - 11
48 - 12
77 - 13
43 - 14
17 - 14
80 - 14
57 - 14
4 - 14
86 - 14
62 - 14
64 - 14
75 - 15
42 - 15
28 - 15
26 - 15
89 - 16
23 - 17
63 - 18
21 - 18
19 - 18
23 - 18
68 - 18
82 - 18
20 - 18
12 - 18
65 - 18
2 - 19
64 - 19
78 - 20
53 - 20
36 - 21
16 - 21
54 - 22
13 - 22
11 - 22
23 - 22
45 - 22
20 - 22
79 - 22
84 - 23
34 - 23
44 - 23
59 - 24
29 - 24
72 - 25
85 - 25
18 - 26
47 - 26
1 - 26
92 - 26
67 - 27
76 - 28
60 - 28
49 - 28
96 - 29
24 - 30
66 - 30
50 - 30
40 - 30
45 - 30
56 - 30
76 - 30
13 - 30
62 - 30
41 - 31
76 - 31
85 - 31
87 - 31
97 - 31
65 - 31
71 - 31
83 - 31
1
2
3
4
5
6
7
8
11
12
13
16
17
18
19
20
21
23
24
26
28
29
34
36
37
40
41
42
43
44
45
47
48
49
50
52
53
54
56
57
59
60
61
62
63
64
65
66
67
68
71
72
75
76
77
78
79
80
81
82
83
84
85
86
87
89
92
94
95
96
97
99
>>> Test : caso chico random 3
214 - 1
722 - 1
787 - 1
904 - 2
132 - 3
485 - 4
498 - 4
77 - 4
102 - 4
542 - 4
206 - 5
27 - 6
425 - 7
421 - 7
837 - 7
989 - 7
596 - 8
773 - 9
429 - 9
813 - 10
808 - 10
143 - 10
559 - 10
66 - 10
954 - 11
371 - 12
709 - 12
304 - 12
767 - 12
957 - 12
489 - 13
334 - 13
31 - 13
629 - 14
590 - 15
163 - 15
114 - 16
89 - 17
592 - 17
568 - 17
631 - 17
799 - 17
947 - 17
409 - 18
572 - 19
785 - 19
750 - 20
520 - 21
910 - 22
179 - 23
685 - 23
719 - 24
674 - 25
244 - 26
785 - 26
629 - 26
616 - 27
846 - 28
285 - 28
735 - 28
155 - 29
127 - 29
421 - 29
186 - 29
756 - 29
12 - 30
350 - 31
222 - 31
453 - 32
942 - 32
791 - 33
436 - 33
93 - 33
90 - 33
845 - 33
666 - 33
227 - 34
947 - 34
538 - 34
138 - 35
479 - 35
224 - 35
857 - 35
153 - 35
468 - 36
994 - 37
134 - 37
436 - 37
841 - 38
772 - 39
524 - 39
996 - 39
899 - 40
945 - 40
535 - 41
655 - 41
309 - 42
237 - 42
229 - 43
762 - 44
12
27
31
66
77
89
90
93
102
114
127
132
134
138
143
153
155
163
179
186
206
214
222
224
227
229
237
244
285
304
309
334
350
371
409
421
425
429
436
453
468
479
485
489
498
520
524
535
538
542
559
568
572
590
592
596
616
629
631
655
666
674
685
709
719
722
735
750
756
762
767
772
773
785
787
791
799
808
813
837
841
845
846
857
899
904
910
942
945
947
954
957
989
994
996
>>> Test : caso chico random 4
70 - 1
380 - 1
283 - 1
261 - 2
930 - 3
292 - 4
681 - 4
88 - 4
997 - 4
856 - 5
440 - 6
786 - 6
508 - 6
247 - 6
538 - 6
83 - 7
915 - 7
106 - 8
23 - 9
398 - 10
53 - 10
999 - 11
480 - 12
688 - 13
906 - 14
249 - 15
442 - 15
804 - 16
906 - 16
793 - 16
512 - 17
976 - 18
173 - 18
795 - 18
589 - 19
103 - 19
87 - 19
622 - 19
543 - 19
436 - 19
478 - 19
983 - 19
223 - 20
987 - 20
582 - 21
761 - 21
422 - 21
849 - 22
219 - 22
797 - 23
248 - 23
272 - 24
148 - 25
728 - 25
312 - 25
55 - 25
977 - 26
107 - 26
211 - 26
883 - 26
900 - 26
723 - 27
211 - 27
425 - 28
870 - 29
801 - 29
880 - 29
310 - 29
423 - 29
423 - 29
746 - 30
902 - 31
759 - 31
969 - 32
241 - 33
341 - 34
82 - 34
15 - 35
543 - 35
301 - 36
812 - 36
791 - 37
925 - 38
960 - 38
871 - 38
238 - 38
367 - 38
848 - 38
345 - 38
578 - 38
83 - 38
597 - 39
301 - 39
646 - 40
22 - 40
524 - 40
447 - 41
902 - 41
834 - 42
223 - 42
15
22
23
53
55
70
82
83
87
88
103
106
107
148
173
211
219
223
238
241
247
248
249
261
272
283
292
301
310
312
341
345
367
380
398
422
423
425
436
440
442
447
478
480
508
512
524
538
543
578
582
589
597
622
646
681
688
723
728
746
759
761
786
791
793
795
797
801
804
812
834
848
849
856
870
871
880
883
900
902
906
915
925
930
960
969
976
977
983
987
997
999
>>> Test : caso chico random 5
979 - 1
639 - 1
401 - 1
574 - 2
72 - 3
547 - 3
405 - 3
794 - 4
335 - 4
568 - 5
711 - 5
283 - 5
697 - 5
539 - 6
838 - 7
674 - 8
979 - 8
3 - 9
888 - 9
345 - 10
786 - 11
965 - 11
818 - 12
125 - 13
339 - 13
329 - 14
613 - 15
410 - 15
181 - 15
100 - 15
909 - 16
513 - 16
740 - 16
311 - 16
87 - 17
164 - 18
210 - 19
492 - 20
958 - 20
897 - 20
413 - 20
22 - 20
532 - 21
110 - 22
561 - 22
371 - 22
136 - 22
541 - 23
726 - 23
24 - 23
238 - 23
865 - 24
341 - 25
409 - 26
990 - 27
32 - 28
738 - 29
956 - 30
442 - 30
919 - 30
408 - 30
352 - 31
432 - 32
500 - 33
15 - 34
871 - 34
664 - 34
225 - 34
716 - 35
975 - 36
122 - 36
129 - 36
349 - 36
654 - 36
239 - 37
262 - 37
377 - 38
728 - 38
155 - 39
456 - 40
752 - 41
394 - 41
321 - 41
446 - 41
155 - 41
311 - 41
830 - 41
893 - 42
619 - 42
273 - 42
164 - 42
28 - 42
977 - 42
949 - 42
528 - 42
992 - 42
820 - 42
545 - 42
569 - 42
536 - 42
3
15
22
24
28
32
72
87
100
110
122
125
129
136
155
164
181
210
225
238
239
262
273
283
311
321
329
335
339
341
345
349
352
371
377
394
401
405
408
409
410
413
432
442
446
456
492
500
513
528
532
536
539
541
545
547
561
568
569
574
613
619
639
654
664
674
697
711
716
726
728
738
740
752
786
794
818
820
830
838
865
871
888
893
897
909
919
949
956
958
965
975
977
979
990
992
>>> Test : caso chico random 6
17897028 - 1
92620429 - 1
9519711 - 1
6009847 - 2
60537301 - 3
99151319 - 4
8538689 - 4
49009626 - 4
2673303 - 4
57158557 - 4
36461088 - 5
19243608 - 5
11233493 - 6
72161798 - 7
39462850 - 7
55280395 - 8
4611731 - 9
75483756 - 9
24237494 - 10
6270369 - 11
75496970 - 11
46514996 - 12
23573714 - 12
80808174 - 13
50065739 - 13
37530978 - 14
10142125 - 14
95558850 - 14
5161943 - 14
87202597 - 14
60138182 - 15
23058972 - 15
32339378 - 16
22174245 - 17
81585171 - 17
45393032 - 17
21325564 - 17
42640212 - 17
46919010 - 18
76515219 - 19
52315122 - 19
35896451 - 19
95758827 - 19
16064967 - 19
60574601 - 20
35221678 - 20
71345362 - 20
65186332 - 20
63221786 - 21
95582856 - 22
23973054 - 23
38718757 - 23
42097852 - 24
47546768 - 24
72043283 - 25
44679943 - 26
85077746 - 27
34701761 - 28
92755146 - 29
90239690 - 30
74420710 - 31
52893328 - 32
65815014 - 33
59276440 - 33
27583925 - 34
99916537 - 35
4669472 - 35
48909490 - 35
95073102 - 35
51588483 - 36
25424709 - 36
47388224 - 37
40001286 - 37
73699889 - 37
63453191 - 37
575887 - 38
61437919 - 38
34798553 - 38
65762220 - 38
24659705 - 38
82897762 - 38
89735274 - 38
63378462 - 39
77511966 - 39
37282042 - 39
87938098 - 39
74708262 - 39
74876141 - 40
75156211 - 40
19979760 - 40
17632183 - 41
49576921 - 42
25389440 - 43
83447197 - 43
8853361 - 44
52973365 - 44
83363734 - 45
66039186 - 45
54399207 - 45
30953188 - 46
575887
2673303
4611731
4669472
5161943
6009847
6270369
8538689
8853361
9519711
10142125
11233493
16064967
17632183
17897028
19243608
19979760
21325564
22174245
23058972
23573714
23973054
24237494
24659705
25389440
25424709
27583925
30953188
32339378
34701761
34798553
35221678
35896451
36461088
37282042
37530978
38718757
39462850
40001286
42097852
42640212
44679943
45393032
46514996
46919010
47388224
47546768
48909490
49009626
49576921
50065739
51588483
52315122
52893328
52973365
54399207
55280395
57158557
59276440
60138182
60537301
60574601
61437919
63221786
63378462
63453191
65186332
65762220
65815014
66039186
71345362
72043283
72161798
73699889
74420710
74708262
74876141
75156211
75483756
75496970
76515219
77511966
80808174
81585171
82897762
83363734
83447197
85077746
87202597
87938098
89735274
90239690
92620429
92755146
95073102
95558850
95582856
95758827
99151319
99916537
>>> Test : caso chico random 7
6754418 - 1
48725298 - 1
85749535 - 1
367193 - 2
14984597 - 3
70566669 - 4
36684202 - 4
93234878 - 5
96401823 - 5
78739331 - 5
4079554 - 5
14854728 - 5
85217694 - 5
22080879 - 6
54918227 - 7
67013735 - 7
93511501 - 7
72191597 - 8
37090754 - 9
73946878 - 9
14621111 - 10
14940087 - 11
6368414 - 11
94891615 - 12
93994783 - 12
4327980 - 13
78158353 - 13
50280002 - 13
86881177 - 14
14814353 - 14
59413192 - 15
93635595 - 15
16056004 - 15
45162727 - 15
46519140 - 15
83556953 - 16
68245748 - 17
83203343 - 17
76791832 - 18
64647571 - 18
14459026 - 18
80871386 - 18
32018652 - 18
99676721 - 19
55468617 - 19
86936879 - 19
66690456 - 20
48980118 - 21
59128476 - 22
56297563 - 22
22926996 - 23
73749587 - 24
23754002 - 24
81811763 - 25
21157555 - 26
17748785 - 26
38656095 - 27
99315908 - 27
68028788 - 27
25537272 - 27
66646614 - 27
79958332 - 28
71689219 - 29
35218970 - 30
77637411 - 30
70724712 - 30
18775923 - 30
45883159 - 31
6444407 - 32
95567755 - 33
10530731 - 34
20903433 - 35
28955493 - 36
42549383 - 36
20580154 - 36
84424111 - 37
82002614 - 37
39786963 - 37
85920581 - 37
41131090 - 38
96084526 - 38
8847578 - 38
67397029 - 38
72354880 - 38
43175693 - 39
41070936 - 39
90103665 - 40
81831788 - 40
40386845 - 40
10648805 - 40
59885413 - 41
59549811 - 41
90607137 - 41
84090984 - 41
94768781 - 42
20760900 - 42
54815696 - 43
66061056 - 43
66644060 - 44
13776455 - 45
367193
4079554
4327980
6368414
6444407
6754418
8847578
10530731
10648805
13776455
14459026
14621111
14814353
14854728
14940087
14984597
16056004
17748785
18775923
20580154
20760900
20903433
21157555
22080879
22926996
23754002
25537272
28955493
32018652
35218970
36684202
37090754
38656095
39786963
40386845
41070936
41131090
42549383
43175693
45162727
45883159
46519140
48725298
48980118
50280002
54815696
54918227
55468617
56297563
59128476
59413192
59549811
59885413
64647571
66061056
66644060
66646614
66690456
67013735
67397029
68028788
68245748
70566669
70724712
71689219
72191597
72354880
73749587
73946878
76791832
77637411
78158353
78739331
79958332
80871386
81811763
81831788
82002614
83203343
83556953
84090984
84424111
85217694
85749535
85920581
86881177
86936879
90103665
90607137
93234878
93511501
93635595
93994783
94768781
94891615
95567755
96084526
96401823
99315908
99676721
>>> Test : caso chico random 8
73396222 - 1
51841058 - 1
82402238 - 1
68296780 - 2
37772231 - 3
83144671 - 4
7084796 - 4
73734297 - 5
77196077 - 5
10233483 - 5
1126148 - 6
63359824 - 6
35534188 - 7
45870552 - 8
61295751 - 8
51290476 - 8
94236265 - 8
1056758 - 8
85596506 - 8
15932282 - 8
72462450 - 9
58714319 - 10
55189097 - 10
37960189 - 10
92782354 - 11
21380942 - 11
77385604 - 11
67480970 - 12
73894802 - 13
29863390 - 14
51221673 - 15
47291024 - 15
34220800 - 15
33623912 - 15
68104157 - 15
71993032 - 15
69284935 - 15
75188953 - 15
45727329 - 16
46481013 - 16
37938789 - 17
46853477 - 18
62357189 - 19
73472977 - 20
45240381 - 20
23652940 - 21
24763453 - 21
39476646 - 21
24709699 - 21
62876311 - 21
7925281 - 22
49688501 - 23
21590630 - 24
63114378 - 24
87648690 - 24
66889336 - 24
84495320 - 25
65034295 - 26
86886658 - 26
10906474 - 27
47414037 - 27
38108332 - 28
58197499 - 28
81634838 - 29
24248596 - 30
26301656 - 31
53627870 - 32
93533531 - 33
1490609 - 33
51871551 - 33
92530896 - 34
39429398 - 34
51241380 - 35
54888085 - 35
65418728 - 35
96481761 - 36
31057378 - 37
42698533 - 38
88474759 - 38
8283429 - 38
58091197 - 39
96400040 - 39
57971930 - 39
32198179 - 39
59514419 - 40
45620621 - 41
51603868 - 42
96526091 - 42
63171268 - 43
38490526 - 43
7432566 - 43
10585305 - 43
76598858 - 43
18146417 - 44
92220143 - 44
53363806 - 45
44448073 - 45
98364365 - 46
46897338 - 46
98455034 - 46
1056758
1126148
1490609
7084796
7432566
7925281
8283429
10233483
10585305
10906474
15932282
18146417
21380942
21590630
23652940
24248596
24709699
24763453
26301656
29863390
31057378
32198179
33623912
34220800
35534188
37772231
37938789
37960189
38108332
38490526
39429398
39476646
42698533
44448073
45240381
45620621
45727329
45870552
46481013
46853477
46897338
47291024
47414037
49688501
51221673
51241380
51290476
51603868
51841058
51871551
53363806
53627870
54888085
55189097
57971930
58091197
58197499
58714319
59514419
61295751
62357189
62876311
63114378
63171268
63359824
65034295
65418728
66889336
67480970
68104157
68296780
69284935
71993032
72462450
73396222
73472977
73734297
73894802
75188953
76598858
77196077
77385604
81634838
82402238
83144671
84495320
85596506
86886658
87648690
88474759
92220143
92530896
92782354
93533531
94236265
96400040
96481761
96526091
98364365
98455034
>>> Test : caso chico random 9
5618947 - 1
29214287 - 1
24308536 - 1
57460165 - 2
34026520 - 2
18726156 - 3
76166709 - 3
85224813 - 4
59605705 - 5
97317757 - 5
61324008 - 5
71905457 - 5
99180955 - 5
60981240 - 6
34871299 - 7
50097629 - 7
46957877 - 7
53258489 - 8
8609022 - 8
19491445 - 8
64086681 - 9
59691557 - 9
76815382 - 10
27396101 - 11
12064936 - 12
71890132 - 12
38110655 - 13
65656227 - 13
36057116 - 13
50823704 - 13
39705363 - 13
94192415 - 14
80037992 - 14
64013899 - 15
4168933 - 16
14064512 - 16
82740056 - 16
80335642 - 17
99289326 - 18
94862113 - 18
30169751 - 19
13129686 - 19
19283922 - 20
29350706 - 20
74110927 - 21
54155222 - 21
79448335 - 22
73585156 - 22
59930063 - 22
88057357 - 22
45592953 - 23
24016744 - 24
265266 - 24
22408335 - 24
51412845 - 25
12330202 - 26
46814820 - 26
42039852 - 26
77986430 - 26
82871936 - 27
92863557 - 28
70208145 - 29
77064352 - 29
72901549 - 29
34222044 - 30
81233285 - 30
39482413 - 31
69478452 - 31
14085279 - 32
91288091 - 32
64340566 - 33
44255030 - 34
4417778 - 34
83624488 - 34
26122088 - 34
31045057 - 34
90296062 - 34
58086775 - 35
4630213 - 36
50226126 - 37
98660484 - 38
50223166 - 38
26759222 - 38
98925750 - 38
25147853 - 39
30688420 - 40
11255952 - 41
71962673 - 42
72728272 - 42
41758734 - 43
54834610 - 44
18108181 - 44
11966879 - 44
84415314 - 44
43526082 - 44
98705276 - 44
18164951 - 44
83008496 - 45
68183728 - 45
84766582 - 46
265266
4168933
4417778
4630213
5618947
8609022
11255952
11966879
12064936
12330202
13129686
14064512
14085279
18108181
18164951
18726156
19283922
19491445
22408335
24016744
24308536
25147853
26122088
26759222
27396101
29214287
29350706
30169751
30688420
31045057
34026520
34222044
34871299
36057116
38110655
39482413
39705363
41758734
42039852
43526082
44255030
45592953
46814820
46957877
50097629
50223166
50226126
50823704
51412845
53258489
54155222
54834610
57460165
58086775
59605705
59691557
59930063
60981240
61324008
64013899
64086681
64340566
65656227
68183728
69478452
70208145
71890132
71905457
71962673
72728272
72901549
73585156
74110927
76166709
76815382
77064352
77986430
79448335
80037992
80335642
81233285
82740056
82871936
83008496
83624488
84415314
84766582
85224813
88057357
90296062
91288091
92863557
94192415
94862113
97317757
98660484
98705276
98925750
99180955
99289326
>>> Test : caso chico random 10
72194726 - 1
8857091 - 1
97394417 - 1
51586303 - 2
33606137 - 2
34759351 - 2
20301886 - 3
69025898 - 4
44774414 - 5
55191418 - 5
35643247 - 5
52137742 - 5
2368862 - 6
35982966 - 6
48007680 - 7
82590933 - 8
4084627 - 8
16645235 - 8
32159845 - 8
65472032 - 9
31928745 - 10
53074681 - 11
3430480 - 11
56193022 - 11
14122976 - 12
93001205 - 12
51570997 - 12
87681623 - 12
831673 - 13
56362654 - 13
12143783 - 13
25542751 - 13
65219745 - 14
62054552 - 14
77129054 - 15
51342234 - 15
96813904 - 16
49947293 - 17
20368132 - 17
94104670 - 17
57655063 - 17
8527731 - 18
46242412 - 19
60023925 - 20
97027049 - 20
46766444 - 20
42614859 - 21
1111677 - 21
63411679 - 22
27291056 - 23
19100061 - 24
47856776 - 24
32882089 - 25
22530541 - 26
4049798 - 27
99521417 - 28
68048098 - 29
55620795 - 30
87203040 - 31
68879771 - 31
64499801 - 31
51863175 - 32
46938875 - 33
29719547 - 33
13917727 - 33
24067929 - 33
33578133 - 33
63247983 - 33
74015222 - 33
6462618 - 33
57352653 - 34
31670286 - 34
14990349 - 35
56111417 - 35
44210563 - 35
64533751 - 36
55394213 - 36
39341774 - 36
65645428 - 36
71322245 - 37
19149182 - 37
37261841 - 38
19179021 - 38
52031271 - 38
12308735 - 39
23228820 - 39
51552688 - 40
80356833 - 40
31365967 - 41
91272080 - 42
1752957 - 42
95865769 - 43
43135255 - 44
48691832 - 44
78101668 - 45
9569335 - 46
72759761 - 47
64196153 - 48
25333670 - 49
99291336 - 49
831673
1111677
1752957
2368862
3430480
4049798
4084627
6462618
8527731
8857091
9569335
12143783
12308735
13917727
14122976
14990349
16645235
19100061
19149182
19179021
20301886
20368132
22530541
23228820
24067929
25333670
25542751
27291056
29719547
31365967
31670286
31928745
32159845
32882089
33578133
33606137
34759351
35643247
35982966
37261841
39341774
42614859
43135255
44210563
44774414
46242412
46766444
46938875
47856776
48007680
48691832
49947293
51342234
51552688
51570997
51586303
51863175
52031271
52137742
53074681
55191418
55394213
55620795
56111417
56193022
56362654
57352653
57655063
60023925
62054552
63247983
63411679
64196153
64499801
64533751
65219745
65472032
65645428
68048098
68879771
69025898
71322245
72194726
72759761
74015222
77129054
78101668
80356833
82590933
87203040
87681623
91272080
93001205
94104670
95865769
96813904
97027049
97394417
99291336
99521417
